%YAML:1.0
---
camera_matrix: !!opencv-matrix
   rows: 3
   cols: 3
   dt: d
   data: [ 3.5082401582903111e+02, 0., 3.0174791013575827e+02, 0.,
       3.5093648700602495e+02, 1.8258416896025409e+02, 0., 0., 1. ]
distortion_coeff: !!opencv-matrix
   rows: 1
   cols: 5
   dt: d
   data: [ -3.2390825682144991e-01, 6.0644988600639979e-02,
       -5.6780951231133296e-04, -3.0168604803172796e-03,
       9.6883842049635072e-02 ]
